11053
54318
14596
676
64827
31488
12464
7350
43523
19900
46377
6956
11695
28922
22919
32089
35777
374
58331
60879
58320
3956
6054
31633
35310
38561
17197
54326
1372
3229
61386
48956
64053
60720
38813
25097
18115
62150
34590
33716
37000
4052
34550
64943
16623
27423
46310
17616
31615
33112
10471
58337
61454
37484
61781
26454
61659
56510
21755
34767
55041
5200
38823
59577
17779
31686
7315
63450
7237
2550
19691
64577
6402
56281
12046
11564
63090
41259
57398
24081
62344
50575
56663
62122
42919
24898
9232
3726
61261
53040
4459
24056
6275
31561
37985
6961
44966
44789
54681
43950
56446
62316
5934
5054
61959
62959
63118
44506
2753
39313
51682
52578
31769
14541
57972
57973
57303
46979
38918
8000
1734
24559
9901
46450
36298
4918
19343
22124
2951
54390
54515
26744
63887
25607
57914
14674
1619
33869
42991
39042
26075
41457
13958
38162
54278
17228
63105
24558
13486
42533
30295
31053
21030
58367
25685
41396
64063
27775
29771
31080
19012
32420
50565
8396
5403
58810
40007
33870
121
49522
55890
42248
57482
45674
14038
9753
29113
53573
24384
38112
24485
20250
45633
20813
27623
13864
27937
6635
61607
12817
56221
8065
12028
35696
19412
7196
12635
7068
19747
21390
13222
12122
43462
7656
48832
25072
55946
51643
2340
64094
41344
18935
58173
20966
28489
27768
63829
6819
5574
53507
38904
54838
42473
46731
18233
35920
46104
3326
30524
30462
23251
17882
26967
19368
23702
48312
24307
27544
41032
33835
38596
18971
50596
4483
35734
59688
50274
62850
23243
25549
61624
13984
58682
4198
36177
19966
43112
3895
27969
28783
4474
56696
27459
2891
5138
17633
30098
61358
40561
17646
8846
61481
28565
10583
43309
64316
17420
14646
23577
27264
234
22492
34548
8486
51804
44054
40232
40717
62033
18561
53510
46607
40118
49150
25327
36779
26402
12439
45910
2078
29377
17734
33179
37799
54798
59565
56646
20734
49614
20392
29123
9159
59094
55181
48585
41146
55825
10381
59990
52690
5785
40422
47336
45419
44178
8947
137
64981
54096
17054
31897
53757
14326
56847
2650
11630
37916
60400
37452
56467
33655
21487
43934
62419
45420
50648
59815
31555
57510
43445
51395
25450
25907
37489
24644
54327
58828
5943
38315
7195
26782
34112
14708
5219
13328
25634
39500
31672
6680
30364
4187
13934
42414
26850
20996
24612
62336
12451
3555
53613
61920
47597
64963
281
24030
37738
4949
45462
11607
9279
23672
33191
40192
37482
6571
31504
53073
59929
16498
64474
41670
39238
15572
40305
3257
48980
25488
62244
5909
47729
51587
27817
27606
23771
28541
19563
50849
9807
11076
19035
27764
8992
59980
9433
63510
52706
51194
26857
408
43930
39733
8929
56397
49168
44266
55214
25371
22947
1609
9990
27543
50455
28938
13872
28359
62269
53593
37975
34626
63428
55089
41543
27087
2726
16228
49839
9191
41081
35420
13181
29885
35249
29523
36662
38449
25114
50474
39977
27949
77
54732
27049
55574
56684
54592
22280
18936
28606
52581
44896
51647
19329
12859
7760
14229
11365
62345
40739
58010
13369
20312
18310
56296
6171
5064
45888
62539
20980
26119
1434
12730
59264
36471
47483
47230
59388
14076
33026
23948
23750
10948
37562
57292
19786
9865
11232
46738
25291
65463
7822
26928
12700
10313
46700
65517
48030
57016
30981
42694
12048
42337
36397
30611
34222
38289
23385
20692
36539
59374
57532
61793
13129
28950
8806
27979
49886
40280
45336
44615
45103
42188
47115
40766
64954
45223
44230
168
22868
40791
24270
42776
30774
5396
5192
6193
6938
56951
10611
31086
28596
6252
14503
32995
33438
35038
47707
22467
40679
31748
50707
64009
52968
61229
49367
50090
63872
57942
20958
19281
5893
6357
36037
63996
48882
5757
26699
42825
27248
44227
64301
57643
36029
21046
42244
64494
26961
55541
61603
64224
62705
60943
14118
19221
12891
22387
37045
63070
16859
55015
36910
50651
44146
21066
25501
63082
31753
47878
58192
61289
8790
45943
42496
31411
31785
8263
35050
31908
57072
24810
4223
8681
52824
31788
20513
65454
63760
21
32591
9994
28911
62957
18153
44878
50604
8091
1071
37270
1260
45489
34545
50064
30712
4391
5984
36266
55932
25495
9286
62023
20192
20596
52872
17977
24636
28750
28823
36664
20416
4111
15000
59608
57417
4159
25718
46365
63076
26473
20508
12260
8743
49567
9735
42443
29347
43300
1944
60657
32022
54510
21212
16660
1074
39894
46546
37565
8818
1705
59672
2893
50542
43665
63022
43818
60430
59459
27129
48517
48699
42486
58227
31462
50898
20893
5740
49866
26704
22950
50608
53720
58862
13222
62541
22300
58991
3406
52751
11372
18292
60358
41337
13788
4207
932
62395
55121
46897
42811
55247
59106
7704
11539
34640
48213
26889
31919
60351
49792
11065
36596
40016
56415
30782
41340
32020
46623
1902
21372
64173
16318
5465
34691
2068
44097
50309
4568
58460
21321
61600
49039
787
15374
15992
41227
40318
15882
31576
13204
47908
60857
26731
45966
20383
47213
60984
43858
12429
62054
33318
36044
37628
21292
40897
38181
51721
42847
31213
23786
41723
59763
6523
48146
54303
40375
42686
12935
1307
12027
34609
60247
26633
10421
46935
64859
13348
59403
36788
32513
33777
42652
10878
53218
45904
24229
25290
34910
54400
53434
58737
26994
51126
5452
52291
31827
60942
24765
34186
5501
63544
36143
26714
22742
31203
17089
55909
6095
24237
12955
43495
52766
10846
23721
36383
12544
50976
10250
16129
16217
7919
44176
24954
16779
37954
46381
34059
24033
48960
8581
35333
46362
25210
38079
10595
47432
64246
6869
45189
11028
27949
14615
51219
56774
18901
60299
50761
50295
52266
25770
22100
33218
48726
6389
26661
39548
47434
8445
27312
53912
64218
19548
52792
9386
12480
13260
277
10193
57360
6441
22466
49210
26784
44871
11576
17255
22846
51760
39586
7689
52884
8118
18949
52433
49540
25070
32336
5989
29906
9716
39171
58346
64327
56011
21084
19841
6594
890
61670
32769
31058
32208
211
603
16363
47612
3783
52875
10090
55123
29962
52568
7695
58818
22939
60499
22108
27269
4014
10470
35224
26443
27647
9004
36285
50674
35115
23017
24498
17897
33900
19813
27631
1110
62382
56520
23487
62027
4179
8096
35604
5713
42602
22351
48123
13626
58068
57527
47120
27369
48093
2505
36730
